2,12,2,13,3,14,5,15,5,13,2,12,0,11,-3,8,-4,10,-3,10,-4,13,-3,13,-2,15,-1,15,1,17,1,16,2,17,4,18,5,18,7,19,7,18,9,19,11,19,10,18,11,17,11,16,12,14,10,14,10,13,8,13,7,12,7,9,9,9,9,10,8,11,7,11 mm drawsegments
-1,10,0,8,-2,7,-2,4,-1,3,1,5,3,6,4,6,5,5,6,6,7,5,8,5,10,6,10,7,9,8,7,9 mm drawsegments
9,19,7,21,4,22,-4,20,-7,18,-8,15,-8,13,-7,11 mm drawsegments
10,7,11,8,12,7,13,7,14,9 mm drawsegments
10,14,8,15,7,15,7,14,5,13 mm drawsegments
7,14,9,13,10,12,9,9 mm drawsegments
10,13,11,11,13,10,15,8,18,6,19,2,18,-1,18,-3,16,-7,12,-12,9,-12,5,-11,2,-10,-1,-8,-4,-7,-6,-3,-7,-2,-9,-2,-10,-3,-11,-5,-11,-6,-10,-7,-8,-8,-6,-7,-5,-5 mm drawsegments
15,8,15,5,14,4,10,2,8,0,7,0,6,1,4,1,2,0,-1,1,-3,3 mm drawsegments
-3,8,-3,3,-6,-3 mm drawsegments
-8,13,-10,8,-10,5,-8,0,-8,-2 mm drawsegments
5,8,6,11,5,12,4,12,3,11,3,8,5,8,5,9,4,10,3,10 mm drawsegments
6,1,9,4,8,3,10,2 mm drawsegments
"Andtofinish…​Drawlargedotsat(4,9)and(8,10)​​​" pop